a
0 0 0 0 0 
0 0 0 0 0 
0 1 1 1 0 
0 0 0 0 1 
0 1 1 1 1 
1 0 0 0 1
0 1 1 1 1 
b
1 0 0 0 0
1 0 0 0 0
1 0 0 0 0 
1 0 1 1 0 
1 1 0 0 1 
1 0 0 0 1 
1 1 1 1 0 
c
0 0 0 0 0 
0 0 0 0 0
0 1 1 1 0 
1 0 0 0 0 
1 0 0 0 0
1 0 0 0 1
0 1 1 1 0
d
0 0 0 0 1 
0 0 0 0 1 
0 0 0 0 1
0 1 1 0 1 
1 0 0 1 1 
1 0 0 0 1
0 1 1 1 1
e
0 0 0 0 0
0 0 0 0 0 
0 1 1 1 0
1 0 0 0 1
1 1 1 1 1 
1 0 0 0 0
0 1 1 1 0
f
0 0 1 1 0
0 1 0 0 1 
0 1 0 0 0 
1 1 1 0 0 
0 1 0 0 0 
0 1 0 0 0 
0 1 0 0 0 
g
0 0 0 0 0 
0 1 1 1 1 
1 0 0 0 1 
1 0 0 0 1
0 1 1 1 1 
0 0 0 0 1
0 1 1 1 0
h
1 0 0 0 0 
1 0 0 0 0 
1 0 1 1 0
1 1 0 0 1
1 0 0 0 1
1 0 0 0 1
1 0 0 0 1
i
0 0 0 0 0
0 0 1 0 0
0 0 0 0 0 
0 0 1 0 0 
0 0 1 0 0 
0 0 1 0 0 
0 0 1 0 0
j
0 0 0 1 0 
0 0 0 0 0 
0 0 1 1 0 
0 0 0 1 0 
0 0 0 1 0 
1 0 0 1 0 
0 1 1 0 0
k
1 0 0 0 0 
1 0 0 0 0 
1 0 0 1 0
1 0 1 0 0 
1 1 0 0 0 
1 0 1 0 0 
1 0 0 1 0 
l
0 1 1 0 0 
0 0 1 0 0 
0 0 1 0 0 
0 0 1 0 0 
0 0 1 0 0 
0 0 1 0 0 
0 1 1 1 0 



