A
0 1 1 1 0
1 0 0 0 1
1 0 0 0 1
1 1 1 1 1
1 0 0 0 1
1 0 0 0 1
1 0 0 0 1
B
1 1 1 1 0
1 0 0 0 1
1 0 0 0 1
1 1 1 1 0
1 0 0 0 1
1 0 0 0 1
1 1 1 1 0
C
0 1 1 1 0
1 0 0 0 1
1 0 0 0 0
1 0 0 0 0
1 0 0 0 0
1 0 0 0 1
0 1 1 1 0
D
1 1 1 1 0
1 0 0 0 1
1 0 0 0 1
1 0 0 0 1
1 0 0 0 1
1 0 0 0 1
1 1 1 1 0
E
1 1 1 1 1
1 0 0 0 0
1 0 0 0 0
1 1 1 1 0
1 0 0 0 0
1 0 0 0 0
1 1 1 1 1
F
1 1 1 1 1
1 0 0 0 0
1 0 0 0 0
1 1 1 1 0
1 0 0 0 0
1 0 0 0 0
1 0 0 0 0
G
0 1 1 1 0
1 0 0 0 1
1 0 0 0 0
1 0 1 1 1
1 0 0 0 1
1 0 0 0 1
0 1 1 1 0
H
1 0 0 0 1
1 0 0 0 1
1 0 0 0 1
1 1 1 1 1
1 0 0 0 1
1 0 0 0 1
1 0 0 0 1
I
0 1 1 1 0
0 0 1 0 0
0 0 1 0 0
0 0 1 0 0
0 0 1 0 0
0 0 1 0 0
0 1 1 1 0
J
1 1 1 1 1
0 0 0 0 1
0 0 0 0 1
0 0 0 0 1
0 0 0 0 1
1 0 0 0 1
0 1 1 1 0
K
1 0 0 0 1
1 0 0 1 0
1 0 1 0 0
1 1 0 0 0
1 0 1 0 0
1 0 0 1 0
1 0 0 0 1
L
1 0 0 0 0
1 0 0 0 0
1 0 0 0 0
1 0 0 0 0
1 0 0 0 0
1 0 0 0 0
1 1 1 1 1